00000000000000000000000000000000000000000000000000000000000000000000000000000000000000000000000000000000000000000000000000000000
00000000000000000000000000000000000000000000000000000000000000000000000000000000000000000000000000000000000000000000000000000001
00000000000000000000000000000000000000000000000000000000000000000000000000000000000000000000000000000000000000000000000000000001
00000000000000000000000000000000000000000000000000000000000000000000000000000000000000000000000000000000000000000000000000000010
00000000000000000000000000000000000000000000000000000000000000000000000000000000000000000000000000000000000000000000000000000011
00000000000000000000000000000000000000000000000000000000000000000000000000000000000000000000000000000000000000000000000000000101
00000000000000000000000000000000000000000000000000000000000000000000000000000000000000000000000000000000000000000000000000001000
00000000000000000000000000000000000000000000000000000000000000000000000000000000000000000000000000000000000000000000000000001101
00000000000000000000000000000000000000000000000000000000000000000000000000000000000000000000000000000000000000000000000000010101
00000000000000000000000000000000000000000000000000000000000000000000000000000000000000000000000000000000000000000000000000100010
00000000000000000000000000000000000000000000000000000000000000000000000000000000000000000000000000000000000000000000000000110111
00000000000000000000000000000000000000000000000000000000000000000000000000000000000000000000000000000000000000000000000001011001
00000000000000000000000000000000000000000000000000000000000000000000000000000000000000000000000000000000000000000000000010010000
00000000000000000000000000000000000000000000000000000000000000000000000000000000000000000000000000000000000000000000000011101001
00000000000000000000000000000000000000000000000000000000000000000000000000000000000000000000000000000000000000000000000101111001
00000000000000000000000000000000000000000000000000000000000000000000000000000000000000000000000000000000000000000000001001100010
00000000000000000000000000000000000000000000000000000000000000000000000000000000000000000000000000000000000000000000001111011011
00000000000000000000000000000000000000000000000000000000000000000000000000000000000000000000000000000000000000000000011000111101
00000000000000000000000000000000000000000000000000000000000000000000000000000000000000000000000000000000000000000000101000011000
00000000000000000000000000000000000000000000000000000000000000000000000000000000000000000000000000000000000000000001000001010101
00000000000000000000000000000000000000000000000000000000000000000000000000000000000000000000000000000000000000000001101001101101
00000000000000000000000000000000000000000000000000000000000000000000000000000000000000000000000000000000000000000010101011000010
00000000000000000000000000000000000000000000000000000000000000000000000000000000000000000000000000000000000000000100010100101111
00000000000000000000000000000000000000000000000000000000000000000000000000000000000000000000000000000000000000000110111111110001
00000000000000000000000000000000000000000000000000000000000000000000000000000000000000000000000000000000000000001011010100100000
00000000000000000000000000000000000000000000000000000000000000000000000000000000000000000000000000000000000000010010010100010001
00000000000000000000000000000000000000000000000000000000000000000000000000000000000000000000000000000000000000011101101000110001
00000000000000000000000000000000000000000000000000000000000000000000000000000000000000000000000000000000000000101111111101000010
00000000000000000000000000000000000000000000000000000000000000000000000000000000000000000000000000000000000001001101100101110011
00000000000000000000000000000000000000000000000000000000000000000000000000000000000000000000000000000000000001111101100010110101
00000000000000000000000000000000000000000000000000000000000000000000000000000000000000000000000000000000000011001011001000101000
00000000000000000000000000000000000000000000000000000000000000000000000000000000000000000000000000000000000101001000101011011101
00000000000000000000000000000000000000000000000000000000000000000000000000000000000000000000000000000000001000010011110100000101
00000000000000000000000000000000000000000000000000000000000000000000000000000000000000000000000000000000001101011100011111100010
00000000000000000000000000000000000000000000000000000000000000000000000000000000000000000000000000000000010101110000010011100111
00000000000000000000000000000000000000000000000000000000000000000000000000000000000000000000000000000000100011001100110011001001
00000000000000000000000000000000000000000000000000000000000000000000000000000000000000000000000000000000111000111101000110110000
00000000000000000000000000000000000000000000000000000000000000000000000000000000000000000000000000000001011100001001111001111001
00000000000000000000000000000000000000000000000000000000000000000000000000000000000000000000000000000010010101000111000000101001
00000000000000000000000000000000000000000000000000000000000000000000000000000000000000000000000000000011110001010000111010100010
00000000000000000000000000000000000000000000000000000000000000000000000000000000000000000000000000000110000110010111111011001011
00000000000000000000000000000000000000000000000000000000000000000000000000000000000000000000000000001001110111101000110101101101
00000000000000000000000000000000000000000000000000000000000000000000000000000000000000000000000000001111111110000000110000111000
00000000000000000000000000000000000000000000000000000000000000000000000000000000000000000000000000011001110101101001100110100101
00000000000000000000000000000000000000000000000000000000000000000000000000000000000000000000000000101001110011101010010111011101
00000000000000000000000000000000000000000000000000000000000000000000000000000000000000000000000001000011101001010011111110000010
00000000000000000000000000000000000000000000000000000000000000000000000000000000000000000000000001101101011100111110010101011111
00000000000000000000000000000000000000000000000000000000000000000000000000000000000000000000000010110001000110010010010011100001
00000000000000000000000000000000000000000000000000000000000000000000000000000000000000000000000100011110100011010000101001000000
00000000000000000000000000000000000000000000000000000000000000000000000000000000000000000000000111001111101001100010111100100001
00000000000000000000000000000000000000000000000000000000000000000000000000000000000000000000001011101110001100110011100101100001
00000000000000000000000000000000000000000000000000000000000000000000000000000000000000000000010010111101110110010110100010000010
00000000000000000000000000000000000000000000000000000000000000000000000000000000000000000000011110101100000011001010000111100011
00000000000000000000000000000000000000000000000000000000000000000000000000000000000000000000110001101001111001100000101001100101
00000000000000000000000000000000000000000000000000000000000000000000000000000000000000000001010000010101111100101010110001001000
00000000000000000000000000000000000000000000000000000000000000000000000000000000000000000010000001111111110110001011011010101101
00000000000000000000000000000000000000000000000000000000000000000000000000000000000000000011010010010101110010110110001011110101
00000000000000000000000000000000000000000000000000000000000000000000000000000000000000000101010100010101101001000001100110100010
00000000000000000000000000000000000000000000000000000000000000000000000000000000000000001000100110101011011011110111110010010111
00000000000000000000000000000000000000000000000000000000000000000000000000000000000000001101111011000001000100111001011000111001
00000000000000000000000000000000000000000000000000000000000000000000000000000000000000010110100001101100100000110001001011010000
00000000000000000000000000000000000000000000000000000000000000000000000000000000000000100100011100101101100101101010100100001001
00000000000000000000000000000000000000000000000000000000000000000000000000000000000000111010111110011010000110011011101111011001
00000000000000000000000000000000000000000000000000000000000000000000000000000000000001011111011011000111101100000110010011100010
00000000000000000000000000000000000000000000000000000000000000000000000000000000000010011010011001100001110010100010000010111011
00000000000000000000000000000000000000000000000000000000000000000000000000000000000011111001110100101001011110101000010110011101
00000000000000000000000000000000000000000000000000000000000000000000000000000000000110010100001110001011010001001010011001011000
00000000000000000000000000000000000000000000000000000000000000000000000000000000001010001110000010110100101111110010101111110101
00000000000000000000000000000000000000000000000000000000000000000000000000000000010000100010010001000000000000111101001001001101
00000000000000000000000000000000000000000000000000000000000000000000000000000000011010110000010011110100110000101111111001000010
00000000000000000000000000000000000000000000000000000000000000000000000000000000101011010010100100110100110001101101000010001111
00000000000000000000000000000000000000000000000000000000000000000000000000000001000110000010111000101001100010011100111011010001
00000000000000000000000000000000000000000000000000000000000000000000000000000001110001010101011101011110010100001001111101100000
00000000000000000000000000000000000000000000000000000000000000000000000000000010110111011000010110000111110110100110111000110001
00000000000000000000000000000000000000000000000000000000000000000000000000000100101000101101110011100110001010110000110110010001
00000000000000000000000000000000000000000000000000000000000000000000000000000111100000000110001001101110000001010111101111000010
00000000000000000000000000000000000000000000000000000000000000000000000000001100001000110011111101010100001100001000100101010011
00000000000000000000000000000000000000000000000000000000000000000000000000010011101000111010000111000010001101100000010100010101
00000000000000000000000000000000000000000000000000000000000000000000000000011111110001101110000100010110011001101000111001101000
00000000000000000000000000000000000000000000000000000000000000000000000000110011011010101000001011011000100111001001001101111101
00000000000000000000000000000000000000000000000000000000000000000000000001010011001100010110001111101111000000110010000111100101
00000000000000000000000000000000000000000000000000000000000000000000000010000110100110111110011011000111100111111011010101100010
00000000000000000000000000000000000000000000000000000000000000000000000011011001110011010100101010110110101000101101011101000111
00000000000000000000000000000000000000000000000000000000000000000000000101100000011010010011000101111110010000101000110010101001
00000000000000000000000000000000000000000000000000000000000000000000001000111010001101100111110000110100111001010110001111110000
00000000000000000000000000000000000000000000000000000000000000000000001110011010100111111010110110110011001001111111000010011001
00000000000000000000000000000000000000000000000000000000000000000000010111010100110101100010100111101000000011010101010010001001
00000000000000000000000000000000000000000000000000000000000000000000100101101111011101011101011110011011001101010100010100100010
00000000000000000000000000000000000000000000000000000000000000000000111101000100010011000000000110000011010000101001100110101011
00000000000000000000000000000000000000000000000000000000000000000001100010110011110000011101100100011110011101111101111011001101
00000000000000000000000000000000000000000000000000000000000000000010011111111000000011011101101010100001101110100111100001111000
00000000000000000000000000000000000000000000000000000000000000000100000010101011110011111011001111000000001100100101011101000101
00000000000000000000000000000000000000000000000000000000000000000110100010100011110111011000111001100001111011001100111110111101
00000000000000000000000000000000000000000000000000000000000000001010100101001111101011010100001000100010000111110010011100000010
00000000000000000000000000000000000000000000000000000000000000010001000111110011100010101101000010000100000010111111011010111111
00000000000000000000000000000000000000000000000000000000000000011011101101000011001110000001001010100110001010110001110111000001
00000000000000000000000000000000000000000000000000000000000000101100110100110110110000101110001100101010001101110001010010000000
00000000000000000000000000000000000000000000000000000000000001001000100001111001111110101111010111010000011000100011001001000001
00000000000000000000000000000000000000000000000000000000000001110101010110110000101111011101100011111010100110010100011011000001
00000000000000000000000000000000000000000000000000000000000010111101111000101010101110001100111011001010111110110111100100000010
00000000000000000000000000000000000000000000000000000000000100110011001111011011011101101010011111000101100101001011111111000011
00000000000000000000000000000000000000000000000000000000000111110001001000000110001011110111011010010000100100000011100011000101
00000000000000000000000000000000000000000000000000000000001100100100010111100001101001100001111001010110001001001111100010001000
00000000000000000000000000000000000000000000000000000000010100010101011111100111110101011001010011100110101101010011000101001101
00000000000000000000000000000000000000000000000000000000100000111001110111001001011110111011001100111100110110100010100111010101
00000000000000000000000000000000000000000000000000000000110101001111010110110001010100010100100000100011100011110101101100100010
00000000000000000000000000000000000000000000000000000001010110001001001101111010110011001111101101100000011010011000010011110111
00000000000000000000000000000000000000000000000000000010001011011000100100101100000111100100001110000011111110001110000000011001
00000000000000000000000000000000000000000000000000000011100001100001110010100110111010110011111011100100011000100110010100010000
00000000000000000000000000000000000000000000000000000101101100111010010111010011000010011000001001101000010110110100010100101001
00000000000000000000000000000000000000000000000000001001001110011100001001111001111101001100000101001100101111011010101000111001
00000000000000000000000000000000000000000000000000001110111011010110100001001100111111100100001110110101000110001110111101100010
00000000000000000000000000000000000000000000000000011000001001110010101011000110111100110000010100000001110101101001100110011011
00000000000000000000000000000000000000000000000000100111000101001001001100010011111100010100100010110110111011111000100011111101
00000000000000000000000000000000000000000000000000111111001110111011110111011010111001000100110110111000110001100010001010011000
00000000000000000000000000000000000000000000000001100110010100000101000011101110110101011001011001101111101101011010101110010101
00000000000000000000000000000000000000000000000010100101100011000000111011001001101110011110010000101000011110111100111000101101
00000000000000000000000000000000000000000000000100001011110111000101111110111000100011110111101010011000001100010111100111000010
00000000000000000000000000000000000000000000000110110001011010000110111010000010010010010101111011000000101011010100011111101111
00000000000000000000000000000000000000000000001010111101010001001100111000111010110110001101100101011000110111101100000110110001
00000000000000000000000000000000000000000000010001101110101011010011110010111101001000100011100000011001100011000000100110100000
00000000000000000000000000000000000000000000011100101011111100100000101011110111111110110001000101110010011010101100101101010001
00000000000000000000000000000000000000000000101110011010100111110100011110110101000111010100100110001011111101101101010011110001
00000000000000000000000000000000000000000001001011000110100100010101001010101101000110000101101011111110011000011010000001000010
00000000000000000000000000000000000000000001111001100001001100001001101001100010001101011010010010001010010110000111010100110011
00000000000000000000000000000000000000000011000100100111110000011110110100001111010011011111111110001000101110100001010101110101
00000000000000000000000000000000000000000100111110001000111100101000011101110001100000111010010000010011000100101000101010101000
00000000000000000000000000000000000000001000000010110000101101000111010010000000110100011010001110011011110011001010000000011101
00000000000000000000000000000000000000001101000000111001101001101111101111110010010101010100011110101110110111110010101011000101
00000000000000000000000000000000000000010101000011101010010110110111000001110011001001101110101101001010101010111100101011100010
00000000000000000000000000000000000000100010000100100100000000100110110001100101011111000011001011111001100010101111010110100111
00000000000000000000000000000000000000110111001000001110010111011101110011011000101000110001111001000100001101101100000010001001
00000000000000000000000000000000000001011001001100110010011000000100100100111110000111110101000100111101110000011011011000110000
00000000000000000000000000000000000010010000010101000000101111100010011000010110110000100110111110000001111110000111011010111001
00000000000000000000000000000000000011101001100001110011000111100110111101010100111000011100000010111111101110100010110011101001
00000000000000000000000000000000000101111001110110110011110111001001010101101011101001000011000001000001101100101010001110100010
00000000000000000000000000000000001001100011011000100110111110110000010011000000100001011111000100000001011011001101000010001011
00000000000000000000000000000000001111011101001111011010110101111001101000101100001010100010000101000011000111110111010000101101
00000000000000000000000000000000011001000000101000000001110100101001111011101100101100000001001001000100100011000100010010111000
00000000000000000000000000000000101000011101110111011100101010100011100100011000110110100011001110000111101010111011100011100101
00000000000000000000000000000001000001011110011111011110011111001101100000000101100010100100010111001100001101111111110110011101
00000000000000000000000000000001101001111100010110111011001001110001000100011110011001000111100101010011111000111011011010000010
00000000000000000000000000000010101011011010110110011001101000111110100100100011111011101011111100100000000110111011010000011111
00000000000000000000000000000100010101010111001101010100110010101111101001000010010100110011100001110011111111110110101010100001
00000000000000000000000000000111000000110010000011101110011011101110001101100110010000011111011110010100000110110001111011000000
00000000000000000000000000001011010110001001010001000011001110011101110110101000100101010011000000001000000110101000100101100001
00000000000000000000000000010010010110111011010100110001101010001100000100001110110101110010011110011100001101011010100000100001
00000000000000000000000000011101101101000100100101110100111000101001111010110111011011000101011110100100010100000011000110000010
00000000000000000000000000110000000011111111111010100110100010110101111111000110010000110111111101000000100001011101100110100011
00000000000000000000000001001101110001000100100000011011011011011111111001111101101011111101011011100100110101100000101100100101
00000000000000000000000001111101110101000100011011000001111110010101111001000011111100110101011000100101010110111110010011001000
00000000000000000000000011001011100110001000111011011101011001110101110011000001101000110010110100001010001100011110111111101101
00000000000000000000000101001001011011001101010110011111011000001011101100000101100101101000001100101111100011011101010010110101
00000000000000000000001000010101000001010110010001111100110010000001011111000111001110011011000000111001101111111100010010100010
00000000000000000000001101011110011100100011101000011100001010001101001011001100110100000011001101101001010011011001100101010111
00000000000000000000010101110011011101111001111010011000111100001110101010010100000010011110001110100011000011010101110111111001
00000000000000000000100011010001111010011101100010110101000110011011110101100000110110100001011100001100010110101111011101010000
00000000000000000000111001000101011000010111011101001110000010101010011111110100111000111111101010101111011010000101010101001001
00000000000000000001011100010111010010110101000000000011001001000110010101010101101111100001000110111011110000110100110010011001
00000000000000000010010101011100101011001100011101010001001011110000110101001010101000100000110001101011001010111010000111100010
00000000000000000011110001110011111110000001011101010100010100110111001010100000011000000001111000100110111011101110111001111011
00000000000000000110000111010000101001001101111010100101100000100111111111101011000000100010101010010010000110101001000001011101
00000000000000001001111001000100100111001111010111111001110101011111001010001011011000100100100010111001000010010111111011011000
00000000000000010000000000010101010000011101010010011111010110000111001001110110011001000111001101001011001001000000111100110101
00000000000000011001111001011001110111101100101010011001001011100110010100000001110001101011110000000100001011011000111000001101
00000000000000101001111001101111001000001001111100111000100001101101011101111000001010110010111101001111010100011001110101000010
00000000000001000011110011001000111111110110100111010001101101010011110001111001111100011110101101010011011111110010101101001111
00000000000001101101101100111000001000000000100100001010001111000001001111110010000111010001101010100010110100001100100010010001
00000000000010110001100000000001000111110111001011011011111100010101000001101100000011110000010111110110010011111111001111100000
00000000000100011111001100111001001111110111101111100110001011010110010001011110001011000010000010011001001000001011110001110001
00000000000111010000101100111010010111101110111011000010000111101011010011001010001110110010011010001111011100001011000001010001
00000000001011101111111001110011100111100110101010101000010011000001100100101000011001110100011100101000100100010110110011000010
00000000010011000000100110101101111111010101100101101010011010101100110111110010101000100110110110111000000000100001110100010011
00000000011110110000100000100001100110111100010000010010101101101110011100011011000010011011010011100000100100111000100111010101
00000000110001110001000111001111100110010001110101111101001000011011010100001101101011000010001010011000100101011010011011101000
00000001010000100001100111110001001101001110000110001111110110001001110000101000101101011101011101111001001010010011000010111101
00000010000010010010101111000000110011011111111100001100111110100101000100110110011000011111101000010001101111101101011110100101
00000011010010110100010110110010000000101110000010011100110100101110110101011111000101111101000110001010111010000000100001100010
00000101010101000111000101110010110100001101111110101001110011010011111010010101011110011100101110011100101001101110000000000111
00001000100111111011011100100100110100111100000001000110101000000010101111110100100100011001110100100111100011101110100001101001
00001101111101000010100010010111101001001001111111110000011011010110101010001010000010110110100011000100001101011100100001110000
00010110100100111101111110111100011110000110000000110111000011011001011001111110100111010000010111101011110001001011000011011001
00100100100010000000100001010100000111010000000000100111011110110000000100001000101010000110111010101111111110100111100101001001
00111011000110111110100000010000100101010110000001011110100010001001011110000111010001010111010010011011101111110010101000100010
01011111101000111111000001100100101100100110000010000110000000111001100010001111111011011110001101001011101110011010001101101011
10011010101111111101100001110101010001111100000011100100100011000011000000010111001100110101011111100111011110001100110110001101

