0000000000000000010001001111010
0000000000000000010001001111011
0000000000000000010001001111100
0000000000000000010001001111101
0000000000000000010001001111110
0000000000000000010001001111111
0000000000000000010001010000000
0000000000000000010001010000001
0000000000000000010001010000010
0000000000000000010001010000011
0000000000000000010001010000100
0000000000000000010001010000101
0000000000000000010001010000110
0000000000000000010001010000111
0000000000000000010001010001000
0000000000000000010001010001001
0000000000000000010001010001010
0000000000000000010001010001011
0000000000000000010001010001100
0000000000000000010001010001101
0000000000000000010001010001110
0000000000000000010001010001111
0000000000000000010001010010000
0000000000000000010001010010001
0000000000000000010001010010010
0000000000000000010001010010011
0000000000000000010001010010100
0000000000000000010001010010101
0000000000000000010001010010110
0000000000000000010001010010111
0000000000000000010001010011000
0000000000000000010001010011001
0000000000000000010001010011010
0000000000000000010001010011011
0000000000000000010001010011100
0000000000000000010001010011101
