0000100011111110101010001100000101110010000011100000000100100100
0001000111111101010100011000001011100100000111000000001001001001
0010001111111010101000110000010111001000001110000000010010010011
0100011111110101010001100000101110010000011100000000100100100111
1000111111101010100011000001011100100000111000000001001001001111
0001111111010101000110000010111001000001110000000010010010011110
0011111110101010001100000101110010000011100000000100100100111101
0111111101010100011000001011100100000111000000001001001001111010
1111111010101000110000010111001000001110000000010010010011110101
1111110101010001100000101110010000011100000000100100100111101010
1111101010100011000001011100100000111000000001001001001111010100
1111010101000110000010111001000001110000000010010010011110101000
1110101010001100000101110010000011100000000100100100111101010001
1101010100011000001011100100000111000000001001001001111010100011
1010101000110000010111001000001110000000010010010011110101000111
0101010001100000101110010000011100000000100100100111101010001110
1010100011000001011100100000111000000001001001001111010100011101
0101000110000010111001000001110000000010010010011110101000111010
1010001100000101110010000011100000000100100100111101010001110100